$ANSIBLE_VAULT;1.1;AES256
62663262383661363233656230643536303739356664363832386230623934333034303430373662
3538366561353736333764316364323337616564313730370a653239313233343562333239343035
33646262306638383039636139303463363833383431326130626664363463643039323736616662
3636356236323263300a313233633134316130303435663832313832386530356234373439326438
39613631383664313138356566663732313265653637326161356133386231336532363330343039
63636134353964333037363634366133343532646331623238386664323139326138383337336430
65343761643865356430383730366332626561643435383135386530383365323133393963663839
34643339646537616665666362633635663936333330396138386262306563366364316538646632
32393334316536316132323632393631313831343262633434323065336661623836303465366438
36313363303539323632313233353966323630613261366666356563396665326339376338373533
34366465373139323035363337383237323638343464383065636164313566346261386233393666
66366163656532336365326461366230616232396430393533316366666438323465613266326237
39333831653663386165626232376564316437643431313362633830363361326566366463626265
61343262666331346562376337306639643462323235306133343831613865323763376363663265
65323735323737636466323164323939636363653861333133356236343161646631306565343430
64623536386238383465396666643436626530303865303164343836613261386438386538363265
32653439346663366438646662396433356531643035623365326233313236396665336232653333
38366438323038633735666530663230373130616564353330623663666436333739646666363866
62663832333038363234303830336134376163343038386163633034646535333238646638363135
66366132616536376461383130623166656132666637386631376361363663343161353331346432
36376264376364313361636431663032656135386631306633343765346334303563323332613032
38306230626131666366333834616664376235336437383036333538363338386663313364663834
66396361363730633763306438316530663939393566663361636233323033323335353865653965
38303438313731616262313463346337306263336262616134353038323263373936343739333936
37646632363937393635336666313665353233666634373633313237666139623364343361373630
37313461656461636337353262353336613030393563353633313765313238653536333933346461
38363264316236393637663361636661313161343533346637326335383064633038343132396564
34613738396138376466386530373138656133343332396536326631323135613566313664343866
64633266356263383331333066316263626265323035353261663238353566316262336436303666
35366663306130323836346263313030393337626432623436633239373635656364653636646631
36656661323766303166353735653235396564393138393533626134336433633837316565393863
65316132373639616331336330306635613465353164653862306232653236613163353462343832
34376139633235666637396663303462636532326466336335656238666533643035396364663666
61363436346233366130653731623538326338363066643631653532653266346235646263616531
39373135303433626439663234626537643263323735323938373038613437366331356165643561
36313163336535393431366131643161323338656531626333646361313337326339323131666534
37643038633762316366363363366164313434643034333935363136613739396233363235366266
39353837353631373563633132396131653266356635663730646235663839623866626165336339
30366134313137346533373631373634323731323535313864626633363933383032333332613062
36316238623337343764376634633365663230343635353266303138316266313532616632346237
39323836316665323965623238373566313561313166656563613666373462613463333565353063
32313865653536363333323336366534616335373439336561333264656237336364323633643530
61393332393862323237613832313034386132663431353665313936623037373466316233646665
35623637653261306634306231653065303730356464623066373162633434326562633762633734
64313631383562373934373430613638613330633135323833373432386539373237633665623763
38356566663763323231383662323961353963323366646562333636353631393566313638656238
66306662353965653234313635663731333261303263323335623061366435666538363734663466
37626637616236366362366137623566326230383064323138663363343232356264376162383534
36313563643963616636353132666233386432616532363831613039656630613266623632373932
34313333613931623131623165383839616335613266333835326131363137376261323061386161
34623262333965393965623564613732373735636537643637323732343839393665306631666663
39666139306533646365616534346236396430346131353032363533363738653239303063313638
38396637323632343563323465303238383938656666326461393861363731306365356461356437
30356333653666383037626565363163666664356330383539613664346663616336613231303731
30636433666563313036626139656234663935396665323133626464663664666665653934333839
62396636383138633238393131653565343862333033356135353266303435613261373962626432
64383735343864643961653437633065383737353265343835356338366334343939383139376239
65373836303738653165376232336130326561336539373039303633623236386432643939666163
63353230633165386137643336636561396536316231643562656461666536303439663763653531
61366535393636366439663436323464653735626232396630626534333066346264663830663761
64386437643766343239393637363132323063316638323633633238663330333461313033333032
66636264613339303239303437366438646234383336626234393864376535653561643833626263
63656239356433323936353134313262386265366432643830383961376132313062636662353661
33356562373763303666306631316533366166646238386439373066343733656562306535623832
65393535613230653036616134363362646233313466303963333437393166663435646536653338
33643531323739313933636331363539636633346364376266336439326638323137653962613266
32333930346564396639363162323064326437303561396138386232613834386564303334343330
39633238663039666634653334343831643232623736663161373063373462363566316233373338
63386166373237366536666133623964373538323739653665646532656566616462396130653730
34306239326131303038396366306339613864643836353966323061626364633462623638393838
36636239343634663331346266333866326634303664306534366362396266616662643136663139
30653435343364353435356462333664653235353135316230323634663834303362383763386630
64323962663533626131653831633763376262616139303266663164636562316564383736363536
37333730393938616334303963633761376361663262326237353237346435326362623633623662
32613030623338643363636130633637653932613163353061653330613032386532313133376666
63343730623235336161323239646266366365336338666461363163613332333039643033376235
37373236333764336532356464653331363235393931636536323132313530336166396136623366
34336462356163376133326634303834623462663664396534306661616137666166323831656233
66343762323965653564623332653162396166393962333637663539363130656233303637383635
38306164666130653064336166656130323033383630316562376262306165623466393337333232
39363331633362363036353064383563343533306663323865393764333236653833306236616166
37366662643665306134376261613837373231383464633136376439303732643733336436633338
62303135393765366336666434323538396634623837343731376331653832333039366137666639
65653765643835326332656462626538343135363166316538343465316131653264613339333234
65313166383865343036373639613933663763363939646538383361666364363134616438383634
61363965636566343166653864623165663935653730373337316433643533383436353565386334
30393461643730663666346662343635316164616139313264366535383137643136303332366363
30666239633137613135623031633231326365663064326539636134316433306565313764643234
65343838613366363864303337373430393438623833363566353962373364383239373962336331
33313439396230663461633637653636333462643165613463356461373265656230376532373437
37386161373061366537336165656531626238363165373538303864333438383064356664393063
39663462663335366431623130663036656135613139306533393833373364383865626164313239
61316139383732353830393362393565333033343737306334373365323131376632636166316538
66623137343239336264373538323366316433323934633535613666366264633431623431303764
38323962613632616135363464613532656237373663396232643436333364333839623437633634
66323237613062363738333434373462636637376634643062393764316439303034383734633830
32396335393530366336383338343563343461396139313235656163613634356233646266343933
31633662333164386562356436366366393038316639626365616364646330666132383063366561
35643732626133643832393035656165333331356234343434663038316633323938376161353364
61646533643565656434343030356637326462313235613336373766356439323461646237363663
62366536663131313265663135393439643766346464346636623235326238663630653465373264
65323433663932383764323932633739663365333263353937353565386465613135643363643637
65383938636336643765663936366463316166396239326532663431366162623231613865353934
36633666613032636636656465336333633761396632393236353061643839363066346261376530
65626364626136656137633163376636316634653261326664376565303862636564383363303736
62383637393362623332313534393236356133656230313764336334613635643863666235653230
35323764626135393363303438613366326364393666313565623633326336373463393335363562
38356664386131343565656630343061313836333632326631633933663839313231343037623938
39336330386466326536356363623736363731633061373931623764633365313434663639333934
37336333356337613064616538616462633330633732643933303430346435643130626434333863
35313538333061373032353237663537376139326339303164373139626535373835333335373439
65623062653933323134656535333631383236366131313131663436393239383135383661363231
39626532373161346561396231303737623535666230656533623461643566613564616231303161
30316666646562633665663235363431383063373630343335626663376338386539613439376632
61376665346265616635316234663235383731343730396563326130326233396635306235393133
31323431376639393337363061386535346339306138376139383563336363653632653037656230
39303664316639653533613339366239353138383134396462383961306361633365613231333034
39316462393037633264323234333732306665316433366438636631316435323630366664656463
37356366373062656438326435366439633538336332363365326135363531383930323064633032
37633363656363393939326161326532636466323639376238336132323633393936363165353936
33616464623764383733666238613264646366393034393839303663353732346533333635366366
35303939336361306231376638633333623666636164363363623466333434616563623636346532
32396366653838373465373261643136363438306631353062646330303637666439376637643534
31316634303635393362666464316638343730646139353063613233343230353430336332333133
66616235616466336635373532613333623666393431363635313363373439323039343334363533
62323932343535303864613637393861623462353238613034306437653764656530326334646334
33373264323066336136643763306662663939376137626465326533663863323738343433653439
63323336306563636435373232333033656162356231623036363433393466623234663635393737
62643239643730616461663730313163653033346664656239353861663134333937356238326266
62616366373661383465663839643564616136356337373239643863363935643933626536353331
64313433346434323736353133653765616531316263316631663365633634343535666333313732
35323163626330656438616533343131663261356663376562336536633234633239393934393565
38626134633236376664396235666238666439636637646338303236366561326235613163373838
63313134393136323436316163323335306633633033303834363539623433326266393935353034
66613535653031613862636663343734333437393233323933613639306539373538313635343861
33333830623866326538326361343163616436326530326434646130306365636363393364616637
64313432386333643363383737666566383033633330316634326264333266613435343261373532
64323033666136333465653939656338623266336331616562623637346432623162646139633062
38353031333431383062306666383933326665326537653833346630303733643165643664666432
63623961343962303266633432626332303737656236323531313633366633663966633031323330
65646461613162343266373761623666643935363839636262653564356333343638323561313162
30386230336534353231316538346332623535316138323235376565393763396161363161383062
36326637363537316638643133353232383630626131363230313631316335383462373438356136
37366139353037646530643364353032313836373436636634653735643834643065356434346331
63363831323732353762646361383961343132353538323263653362623934363963373530626164
33393232333661306466326439636530623962356436613634643663393039633861383965636236
33353939666235356264653961393461623262303261666362396132363839663235633264343732
65336137366431303735383030353531306231323031373239373363376462376433383838613937
33306465343230623163343964326638313463333034626239386565303932326530313632616539
38323365336562643532626232326335353835323939663962336235363231333261626362623966
38353962666662623230643263623735356230393630343938363661326435363866323737303136
33306562326634663331616165396266323839653263663361383963323166383565653439316532
34366163396438353231616337313331323235373236656239306634336138653764353330353565
31616130306265353661376538353231343037316535656361623664623230323839633232643362
34336334336565653739383234306162366431356266316564333030356636643736383437383736
65363437363635376430323661613763313630653334376263653364313664326665313538363165
64383331343266613332393938363831363037306531363531363436316134376236333631343837
37356661336436353064393032373235353735623931646538373731323733663936616330383637
37353831366639616563383034366432313037353831396131396337343362646139363130653334
39306166613665636237376662653563336334643336646233353133656530646139613966663836
30613133333937373764333433626536656264336565343732376164663863613438323364346633
37366334336565383036343034393566313138373537633566646438326532653263626530346562
62356266643835623837633966356138643135643437336438613737336235623838376331646165
63353535643636663430313761373131663132363336313032313839636433663330343165363335
36623434386264633264616532333935636539613961396234616632363133376338623964303338
63393039343062656430326364316630663131313066353332373538656333366334613732376563
35646465326638356231343063656263313261333635616161666265313236333232383932343635
61643762343330633736626330326236306264623236653537373532666263663233356265326630
61626265303133353065313363666231353036663639666461626439656536353038663439663234
63666233633066356136373864363133323662316265643931303431363933396263633933373133
35373465326366313432626439353332376432613731373632366530626465613165333235626363
38363966333233333936626134633161313664393732633764353439613565373734343436393431
34666536616661373661613633343334343330353636313463613765326166316434646336653731
36656331653934346135316237616333653561313939393863656239623634643366623332393936
65373937613064366139383934353061313961363065363833303133333061656339623263346235
36643762333432643663346463333463383137323633623436613135336431336531323862626537
65626331386434653066393939666462663832323266323961353764326631666230623561353862
33346666326563323933633461623462633031336333616138643037396436366364666239643936
37386462636466306362613861313738646461313263343164313264356532383531656366646566
62656637333963336238373530373564653839666162366361363565633562636532393330613837
64663336396266653639346236303438656537633037353065393735363433313930636462383635
33313134666563326330326261643936656463393462363862643663383130366665366633616332
38626665636435633163323732383130356166636434316338313165666332373036313465383266
38633262663561383436383239363432346261613038356264386337303638663461383462323166
62643461623634306234366564613636623932333535343666353637363639373761633366613931
61313538326166383332633866626562626361393935326136636333303765626364363761366364
63646636653333613536326533653065333933303538303438633839663932613465373335336365
31323337303834383264336439636332303862313831643831363236363161353061633337383533
31383730303562623131376165313035663165383161393666656136313263323735333838323731
32316630666263336239663930383266366165333564643464633133313639386331396236626161
34663438373430363635353934343037303230343961643230323464623433383539613534613938
37633538326462373830366139613438373236663163623634336139346465333761653532326539
37626636613030316462323434623663326564303331633032303865326234326365366366383836
65326635396239663732316335353130386538343462393861323461323563383632633462633239
62393033323864326362383139323730353166353334323464323932363335373430393763656539
63636436646264336438656337353237616363663236646237663939616632373766303737656331
61623436393731353533336664316138336463356265643632616638326265323963343065646332
6164376331633465626237333862373734626638303630383934
