$ANSIBLE_VAULT;1.1;AES256
33623237306465373362393131323262313165363731343233653337656132333437366363663334
3435616364363361623264366464333731663534616564320a626433373839663331323033353834
63393537326330303964396266663234303639386565366137383539326438663232383439333831
3734666237633831390a366662666336393839666633313135316634356134326531373232666138
64343437326437646131643862393239626664663062323038303435323131646238356163353432
62616362376232336636623336323034303536323335623737663837666138396339306136623231
33636431393861303037336465333233343564393536323939636532333036303831636263643737
30373739316235616536343366666138356664623133393966643666623234613235366432613435
63303834376263353139326561656131373834396233633865613935363933646534373230343830
39363232623762636337303031303632626463306137666338643738613933643735323335353337
62306337613130336233343839666561313236303262323633666664383337316166356166333536
36393735333238376531383236373636613335646532653936366336643931386336336631333334
31643131613265353732343362633336356632346639653632376666646530393130313134613530
63303461626238306436643866663734303061383733316637656634363936343862353639383439
62663033663836623537313661323830326630333336326165366464303866653163366437626335
30646330306637373539383133626131636333306132323336623365613635646332643337353431
39363332623331303962303532353966633739346164346662666362366662306362383731363935
38363932666430343838353030323031343334336364346432666165623863353466306363666236
30333964316238656464383539613433623666336564376666343233656537353464316138363434
37313263393539623666633737616231353837646361366266656337346266336436346662666636
63373062393163356562646536383032333138666637643934383639306537343533323663636637
62316637616333633939333966386664376637353462323230666639373463376234383839383433
61613563326633353337323933343662663566303539343730646234313038303833376339303735
62653931376238313361366139383364323132633266643830336137663933383735623766336263
35356636303466636433663165363331393465353830653365373430303130333462376563313630
63363931613362663430363261356165663964303136383466306635303661623665663031316562
66623737373634616464643236613061313932333131646133646661373261373633656661613966
35366165306232346664636165303565613137316466636435306263333461376366316362666165
37613064353432366164313535363365393435306236613065373733356639383637386637373364
65336135303361316137356435346330316536633934323134306131373439336361633966343031
65383639306134646364656163613861656131306139333536373738303135353437326166656239
34643434363632393061326234613233616663636665373065616633663837656232346461643665
37353365333534666464643531656165363739646239336433313866626339643933656363366662
61393062343964636130386636343766353737613266653636376438373431316165363031613764
33623666643539313639636162643934306439366133313062666464336338313536646639323932
39303638333537303534643834636532653561343630306337356135366431393366396530376235
63323630386131333831363161353438383932663263316236366462663165323033613737663263
35363339323364313636623637363037346630306637656436366437323365636461376261666430
39303732303931633635313139663636643837383631366638353064326330633332313162373162
35666364643832613939306134306639373666626161623939613561383435656430336365373435
39373936363365393038663037373432396434656564383061653363343565333730663166623263
32333636613361323164353135383033386630376663363332363062393230356530353533623961
63663832396365383833613837636436633264396661383764663134613366346562363432653832
63373437643738343233373530626434326663623037306232376666323330323132613563383465
30366565373431643561323165353531313663316564323962646663376534373364333831376333
63646366646139346463313630643231623266323937613838303834383865316461393633396137
64623030636434316434393037303961363135353834623638363333386538303238336630333764
39336566653138613364313433373832633764633637643037303635636266313734616263616266
36633034366336363761333765323533343062373864376135306437613666313739363132333630
63643336373933633137333330646332656132626434373765313230376430633635373362643437
36366630646563656663333133333233393738336330623663316162616133363031346639343439
61306638333764343762346137343364353233623934363736613165666339333438656632623962
62616265333861643532393238343765333639393163313062633736353038633436303461303662
39363163396235666532343633313864346162646361376331663630383430316266313262366238
38323639363739326231613039333035643132666265616339633237316466313065643264316132
38386465396338313762656165336266653436386334353064626563393132326166363465333838
37323335653833643764643762366364343636653464343535393863663966346536316463306336
65626435653731333938626130303963623332303338353563303565313136313466346134646565
31393535623437386135643462633033323035306565396234646337643365633161303331376662
36323135323639316531636234353631343961333130323236616439636361666334383063376433
30323561656536376335356663653636633335336366623030616332353436613030663339613433
39323131636165323464326362396330376338396633656331656534643131353564376131323533
32663662626533393866613762396162316234326263323936663462383865303034306335346465
32613430636238373431323465333637383338393065663033393633306635643237393739303737
32316265616665633634366631623635336332346665336435643262653333366134343037653638
66333933363738643934316232396664373439646433393435613133343332383066666332346239
33383063633134383731336165616566353830323962363037646639386132613563366137303136
36353665623561333961366462346436613735333336396563643066333265353135633132396465
31643133353535303061316236313466306363376139633831613930633863393561343035386530
36653963353561343236353862363534653335336432313764316231376161653534303261623534
64333738333234636438303762656635663336633265396139323835386138663835646536353566
35373631353937626234666439616534653638663630336462323566656133613437663563663636
62333863323165356666613463356333663235313639653861303862333934303231636361616630
64303765616462333231343065666138383465646562613666336234663436376463616133386463
63656661386630643530383238373631356238303130336530313234336363383630303634323230
33376538333434663464636636326563396661313338646364643263303939623533373139323932
33636232366335313030306437386631643936646564646130316362646631303130336531356636
65363533666463663665326534363938353063616637643432343739646663336162323663616663
64346237333035353961613934336632633737363338376463303937386261613866396566383336
66623234373633323337646236656130333034373133383164633433626561396431653563616530
39303565323463323034343335616135383738376564616430353639336264343130363736373238
39373139643439646536353461303362363337633331656263666363643065303866343265666331
65356563643431343262666139353630633162356639646632366234343466636463633930643066
34363137623530393930663637383539336664393866663462363937333662616461316665306532
64613062333963656630633735366632333332376634636361306239363866643332306439653139
38343236323063356337316664653039303032336666336330643463386464666431323637396665
38323665343538376561383861313139396663633234373761333230363962633465386236353466
61343739316530303666333836356530346231613736376135336639643431383035326162623936
65343062343131626266623662393530373833303633316163643734393136326265396361323638
63373438356434303135306432666233643532383239646266363337643633356464373030613432
39633066316435353533366433313631646237666261646132643965393664663530346463663531
65653062376436633231643934396536636435383063663663343435653962626264623765653063
30373864363831396565653632366532646630393365343736363864623031393161623162363239
36323964333164613466373363353531343566396533616662336365663965626436383431643937
62346632393532393337313633393132376431666661636361363532323766386139313534336438
64656563323763393766313236656638376263323933366261313363396231303234636432336339
63316131363332383533333735393563363839363934363962643266393265613830353364643963
62373538626264666162656535333764356433376234326363633265333166333832373139343236
30343935626332316531303834613564303731396138336637353634353165393664643131383262
30343366363433666230656539613433303135633031343732316434626262343866356631333962
66323535353034386132643162313335613336613731646233393861363861663061353235356631
61663164383863636234633566316231663362353330366361353631386639323630333061316331
66323534623263356562643666353637393366616363656131323431626438366639303235616639
66363535616137313430663931626538393231366536333835383962653563336134656133656563
63313834383130333566333036633463643437363035643161623937643765313563366661376266
31663964316336626134613032626666636361643462373838323030316633323731623766356131
36373839393736316435653165376461303665323962643064616232353632386237663739333164
61323632626638396462396432656536383434666632353539313934343938633034386537316361
36333564636138636433363138373939643031343835643065343932346464643461363764656364
30356238343131356562333134393137663462313239313630393465313139643034343363393130
39323039356635613234333737653865326366303865373632396234336337376663386664623666
33333762346636623138393832383262303535376465366164643030386466313662646333336432
64333538663336313964383834613862356263376333303337386339313239373365303432633265
34353131613935633636353065393132356432366536386364373530633861633236306364663430
31613136616464376564346332616536326433333536393364336164353036633164333765366539
39336539353639636231633665343864393939393765353364623332633738373432343232636536
36613265613631326164393766653864346331646363373530663438303733653033623533346261
35383835663839343133643739366334396130333263353763383435306634373936303164363738
35623064616664626161613233613133373530363231313737653832353838316266373838323533
65376238633037656162383233303739373662343833613666616438616536396236653839333636
66336563343330336265636666366234376265623930333465656164636538353164343366653134
63663839643134613864353236643034396337363431306235363966373666343832316331666565
65666237646462643665393431653065353936353932623364646165633362663936623531653732
33633734633562363461623531316634316639613466393432623239626461653665366438336631
33393232653865353139313637323862363863626665363963663331656531653231616162363137
66323830393730336630623462623932373334643034313337633936613835353265353034643834
62616262353635636365333632373762396136623064363434333832333937366564333833303637
63633033646438376162623037306539626463643266633263653936313865636661613534653331
30666561393532613433656233666565653362333931366265383231363632663331656533663165
30366233393462393232353837313838666266646161633033636432363134396230643432623634
33306631393635323463333133353738366262353433376136326263336435326165336531346330
35383561343863613730393232333638303430626237336330636130666432626233366530333431
33346635386665316165643637316130343963386530376166316562613432383437363763653265
36663133323931346466393463396536643164656438303666343631346333396239653462373731
66383831336139613563656230336131646632343739666238393332346563663436646465646634
31323837656534613661366436613937626238306531366535613666336630363438636565666639
65653330383765373836613433623536343664633731306663306337393933366632376165326638
37353064643663326338376334343961616232393738333766366338613836386333313666333664
36373563356337333337333866643764333433333162323864336539316662353662303030396233
31393662653865613539663937363666643036656638663566643963653934636130346663353963
63353365653161623064313536613530643738363462373834653364363665666630346466326163
66376563633236643532623637333030313664303630613564306530306436353037356361373330
33323462373163643637613062633134393063336633666263346538633161666261643538386339
37653765363130663363396535643038656430633139346634643336303536666639336266363630
32656235306337633732383431343561303734636439303433626636663261303632306631363731
61383465616333646364643231613962646133336233376133643262303834636634343235393230
35613934653637346530363064393434326162353438396638346563306465383433633033396139
65666430333961656437396138303136643564663665303161666531323334376332666365316337
38653633343030393266323038363466663231376337393639333930346632356535323132326461
66623436303362646465353962653636303636356239633136643661643265323437653735333837
66386666346438383838333434346337376466616161353466623532333937313866643938313733
32363934336432326636316135353439613538623666313433376635663762633634666636313032
30346233623431666534383939306435366437316464326666376234336162313131663639666565
39333864336533376232336566633366373265336438353165316565353061313738623637613365
31633164626566326636316333373263353436663665323831626463383532623965623536613262
36373932633033646338323565643639396336663562646430396434613965656435643262313864
64306366313636303166613266343862633233646337326262643130393865613636376531333963
62643136653431383137393966646664323838623063393133626565316566633361343662353435
33333830613933393030336362336364316635643833303364613037653262323764653966373338
61393866316435303637663837616263663635656531643238366637373334666238623935333166
39613761313166363333633935626236386164373661336235616335346130353932323763633132
38613636643162303462333735353063366164356330646136326533333264393965396135303333
62303036613637626234633162313364313238653065643339333730623864653962366365656463
39386534353535383337386230613063346632646638366637333736626665366162653638653531
66623364343563613966333437373039336338636566623430346465613732653661373234343561
64393038386465616564316134356130626336386536353564656238343836316564396461663164
38656432373331383236656432383238613532393438356436613830326133336435636432646336
38666533316430623366336562353565623932623436613665653635666331343631336136313136
63666635343361653166303266383138353434313534623962656234393236373264353539366664
61643964646466616564363764383131353162363663393463636635653832356166336461396439
61396466656333623638373436633532383934386366376635373231663061623630663630373238
38613730363230393733326137363738623038383638636433633934653939373635383863343631
63613064356464653434623335643532646638396263626230306631613364633037383036366133
34386664363537373535633466396432353638613237336636393362643564336532333433666263
62343936663739383265616562306663363633646461333461313965616439636566393933613662
31383865303361636233663539653633323963363438656261313634623437373235376336666637
31363966313534386530353230366236613835306235303733666563636137656630393466353732
61633361386632323737363333363066323362333666336561653233366663396561613961333536
34363261656134376261383866313039393563633364626237383533303164613637343032666362
32373263306665323065363131336437346331393463313134643365626630343432653861353837
37373563363338356234333738666538333063613435323761653861663364326535356435356134
66333637623635386261366163306631616434663364323438303563313335643666653735336563
38623635366637323165303963333663376365303964333533653766303432626130396535643135
63643836306465613933653937326533303039383165313563383531396666643039663463646436
32306230616335326465383930636331633534333530366230356339363736373837343734663431
61313166363431303837653939303531623930386138343932613562333732326465626635346635
65346438656338333966306332306633666339303330356461666539646637393461663236346462
62623763303934353863666138666631623033663065663363653265656464666333313731333762
32373236623637336562356634333133323131353034313339633830336534336535646261363866
35613132326136656566313466646438343466663966353339306131346363326632376465616264
34373564363866353032363238353230383538353730623236653235643431656135643734363266
61363035343634353563643739643365623837616231383731623036343635623238353133633235
61663236316130383337313731613766303135663865613065373335373733326365303664333635
39323364303938653766373935343831336165666535623530333365626338336438346435306235
61623864613034653062336130343433613163333763373032343438666334306562633561313466
30366664613430636436303061613238373263326437376134636263343139623264646134643662
32646534353563326663633061343461636238663966393635353265623938353437
