$ANSIBLE_VAULT;1.1;AES256
66663834366338336330636636656566376366626438663435393234383030346232333538343935
3866313535653763356239653862333964656236333135390a333134383263636433343930663639
63393564373662333832616666646163306263393039623866366165656461366361303866303132
6365623839353238650a633936323364323962383866393262663132323532363466636633333634
38313131303536643862626634383863613865646432386662343337623136356231323032623333
35306631646530373639653034396332616264623532613630623764326238623561333364643865
31663738303863613833616662353335333465643336373261623365366163356661643964643165
64383430323035353439643665356564613730613763363838376331646334336261366633326139
62653433343632303566643633326139393964393939376632613262613065386239393535343761
65353836663166656438393630353630343661316464343138623464653761393432316161353632
35393064323432643231373531643039396532633333396565363534623339313039613565643964
31343633336139633938383661663764373039623166356539363231666237366138343764336662
64643634643534343464333132623531313432656663623637346336393664613931633635646533
64616133643934613734663832626333653964343965656538313533666265313836663936613339
64643664353830396139323931613332656565393965633164393736643134656330623835653033
35626162356166333662383764633762326362303535663538363033333636353366613831333861
33383233343161633037343833666261343239626232343830636537383061343834356262303062
61353563653761663031653736343562646464643834623166626433643239376237356532636666
33323831316332393638316661363132306666393531323365343361313539326662656536393638
34616161653363633338333333623362383064656631643232333563643535366631396134643739
31333964313762333739366237303034353165666162326435336339386463626238303761336136
38376461663362386531616463396138376566616330363963373565393661343833386636663035
39373562623833353937333033656663343466373861343062363132663066363263373966346338
37316131613931356533666634383431633033386164336565366237616530373939306431643466
33633965353264373232373835383837653633656431636665333166323735316233383037643836
64353865303333356630316561663263623638653661663735613065623930653230323363666430
31336533393732303861373137653666663934363234346137323437363036616337313262373232
66633533363566626537353964666161323266663061323765376630323763653064626439343731
64363036383562333433663962393064373437633837646239366365376232303132633137636331
31323766316632356437383238393737376161343239396463633238333933383138366431303330
36636337656532356438346331303362386562363434386164643531373030396239643031613130
30303263393066623564643032666264306661316465626133353063656666663939393032343066
63653730316163636363663637623830353735656363656531373662326530376133343563366432
35313031646639363933333362343231383135303439663838303338336366333865666136626166
33653261616665626235626535636635643565343134613962626261326664336436323831333632
64306461353930643731653732383062393436303837633661326235316339343938363933306639
31616132366261386432323662666265363361393537353732306130663466633331613334303034
36643766366565643930623932333564303137373763616266383239376361323963396239363636
63376132343338326362323662346261346631343261336332396165646134656364646662663936
32626662313437366639313832653830303863373630666431656535346366343365366638626330
38653961313764316531633262373666306466376466633162373561383936333539373166633139
32383765366633663234373863356332383739663232626463323262626139656635373865636665
61616336623832323136613733396635323762393363643866383633363662316334316364356437
31356439326133646466366636303535653834356538613736623365363530376165663239303535
32666263353234663065623563613563663131323663663537363265393135643031393233386164
66376366393331313761663361613630333365343331663233356632356662363139393735643334
65363164613532626562646461323963643937646563316539356638633663363938633764313832
37313536623338383061303862663832363134396332333831373239626463343335346162333731
66333764336535303961333363386463396362633561386137626633346139623435333336333935
38356664346635346164316666303735633538656362333730323336333437626466343836663238
37666231613864323330623364396663653231663438636234373764366537316631313833386534
62643631376136653132616535303966613639323338386665663133656434663361393734363533
61613234323231366637303030646162376535303064396666313439316436363438383066343439
64303034343666623639333665343465376637653732323830623135626439383834323638383533
66383637313934633331383266306132333934306536656366333062333138633431393134333039
65656465376330306465623530386266666461386531393330326633616664626332373531616461
32623338383763656636393165396330376361326431316262303534356332643734653562316138
37653731386533343566636165303530653963373761663535366437613165393265643431353037
36396437383762376663383130653738376231643931633332656631353930653632333265366135
32363632356465373764623738623936333038313130323762333535336261633735376532616264
66663332343239623039356262376533623533383732643333336662633033376366363933313466
66353739303062346139623536623230653064323037386664633937336133303464623165313038
37613832616137306365613261623363663736356133333733316636633462623434656563343433
64623937616231376137623363616361653266393066393138376132376434393062613063363236
32343961613663393264383434386236316532336632636633373435313532396138363235356431
36653039666661346537653661646230306236666261336438656136386339323538316439343539
36303664613130326430306462336663646539653133616265376263376531346237646433326465
36386464313062306436353266303439353830636561323938613339613938363638346237343861
34386264363263326633376664303030323861333832333633646238333662333637383730663439
61363336323838613462663366646137336637346266346262376630363232616565343162303862
39353236643832643038383635303466616433313664643062666332373765613065623466316634
65356236623237613931393336366466393163386331303031613966313666313566343066666363
33356239663232633864346166383232353963656138376465663162653565343861343331313336
39383361623537356534363137613839383134326135376364613235663933323962383335626531
39663137623133313930303862383136656339343136653132383634626636633239383333303163
37353738626464326537386664306661383262366665376334373834373834343432663135386661
35396164613263653332373537386166333633636566323336313934633936623462313337353332
38373532356164333038316461363134646464656361393163656232393237356537383062376630
64323238393134303230633732633861313339336637643735653839313264383534303732633165
34346333353835363832396231326132656139313037313035613965303334636331663538356230
36373963303936633662323234393962336638306332366439653161373338313730616130393339
63376437633830303237313861356163626561396131383765613432366334623162393663616333
36366538393661303466353063346138336461343362356634633533646432326633663866383864
63616230343131663136393837643437323037643263363261353163343066643063663863313139
66643262363939323265323232336233633262336566393262616536666130346333626132363637
62653934623432633937666663656134366136386533393333646430373962326636646630316438
39333534626535666364303761613835666439356233633431323333346437386264386535613931
62386666393161646639663265393239643935333131323239316663626163356566323232386536
66623630626462306461303566386265336566643362616630643239306132383533336161373237
31333965333234663763613534313462343932643932376634366161306662383438383334396364
33636435323333643035313961383564626366653461663939393834373438666466346431653566
36366438313566333533366532383531633834373462633635656332373165646361653839373131
65313336373436633533633632616162336239303231326230663537373164643337613539353434
66386437623434396535366433653865326236333031383637346164656366626462633565363736
33313634353865643931633934363935326462363961373033343539396366386637623766636532
31616665613766353236656564643237666532323735323738383230313537323036626231636631
31346530316137343465303834626536383065303563323761326565353363626261653737306365
39373366346464306562326233303737333639626130646563363937636531653637653765666230
63346335633464633366653066326334353036363431613365613839646263313738373163343166
34366564343933303062313330323430346332306564383038376434616465643463396631396263
31613630323661323531653762653834373939333034633163376336383835393738306165303661
33333966363735306363366666313235333439633034313439343233343262303164343761386230
62616536343062313862343230393635396233313465356137336538663630336362313834336263
34353839366566303035333264653930613333333634373231613336393337326632653837346439
38623036353265366338626133393130396361663664653064323366386336303863653636666664
66343339373932353366376461626230666431303064643734303663633332346262386538353530
64366537346636613136623161343866343866383163653764316266323365636461326665373361
30333234313362303766653564633934303833333533386538636336393564663165356635316238
61316637373737313139663264663765333261343562313237323336393565333531303238663263
37376338623066303839383937663831366366396261613330356234656135366265646532373064
34653663653237373563616133383364313836356639663830393535313033643763356235656333
63316461346431373536363062656338333166366431626663656231616434643265626631623631
38373935353566623932636135356433323439626164646537333336333066313565366138316335
31343963336138373164623564623532376666326334306162323234663166643230396535336137
37336563613639393462333431613630303331396536356463626631633630646465303762373734
35323837656561346363633733396538363539643666636238636464323039363330643237653832
65346563663838643639636361326335346332346361393533343137313436363937333238336563
37616661333164653465643439353237626537333137323836623231663965306136643665326630
66626532656134613834313266343531303861646633656631393230623462633063656232666338
35623762613863653663663639373934653838363065666432346366643933363163623366306538
65323461386161666436373531306565626130313731643962303666656135343730626438363737
64393064623834653961326562353137306336336238626233303535366661386464633736636535
66623261643932326563306430366533343463653733663862376133343439626165663131663139
63326563663166656134363764623064396562313735653131363934343961336631663730313132
31613564336261333935353331336665323337643734333961373966616434613263623034323636
63363166336439306436643533366264666331333062626362316533656362623339366562336165
62383531373731376638376265636530653161306263326331346535653066343139633366393539
31316136663661343061326331623834383265326330313234326264623838396166666662373664
65373232363438313737346231613636393663653763316639346438646234656163613932646434
62393466366632656530643562353166303465643036643365316538346136666436356663646634
62376537393630643639343762313034613430666235633162353034633566363931306563646537
62366333346461323263623865626262343036666330316633376266653835313237623330636462
62386532656232383661393731623661646163313237643536656436366162323463303930646131
35353639643862336336386637626433333061366338393037343338666239303639623931373031
37333762383461376238623465386563666638643634336633306434353364303732613630316436
63396362623334633933653063343864366666303637383531336663623065383862623034373233
62383061653430616234333236383835633138633237343437383233343861313563346439343738
35636639613231316464653334336631623263306633356633613134643565636164316537383732
62636361656133386139313432356462313733633032616636656664663234313563376331346531
34343439663561383139353533313435653234313065613661386237306164333365386332626461
65646163363062653936623436636166303966383239636131636536646430316632623766373463
37303434626434323864323264393334656439613636336136353234663033636565666361343566
39313233386130373136623966613938323738386131376538336431303538663334373161353630
31663361363837353938393834326632633939653166393563303837313164633131333336333836
64356130393861323561323031643564306135313533613437316535656364656262663838633864
61353136613137306437323137636631303362366430616266326166346266613238386563663933
63623262666130623737353933313939393465363137333763353039623235616165663332613136
64373764313132653963356665303334363034613666343239303434316435616232643831633161
65323336643861363630353762313162393665613465316132303035323564333661353863356635
39613965633038663235613964373663343565386234383364303332303762383138356435373130
61626666633632643365626436646638656330653832346462343462623530366232653064633038
64306263326234363934323165313538633263613836613030333033633133666162333137303739
61653365666537666138653737353033633663373830653631343439383238653435386563316634
66643431633266373131653666363531613930393766653237376562646437313837343763666534
62366130363266643631303432336636613264333035626565333035633963666361663532626437
36653365333066636139306438383765303830626639386331343063613136333466366362623934
38323464353365646632396637303566316264656532646535666137323433396464393532653162
31323131353836393265373065373566626439353731396562383433313563333432313430333233
62666439303938316536373833353338316533666163616266623936653830346331353961653436
30333037383536666562646262393766663261376466356530323238343039313533313137623236
63396264363233343662363832623366643864363834383963613466666465363039636436376537
37663731306435666562643031643830363930323965373938303164343332303963633363333661
36626365613932333135643663366532383836343339373763333833313939376461376539343436
65303436643165336636616234656566623637396232323737323434636162336263626330633062
33656237323537613138373030396432326636666162633539363531336166633831646333646632
37386134663532313563336330653362343832633730326335303165323964656566343839386635
37643733326235303164623931633333383633656132643237303533623435333861616233303637
36323264383835643237396334393532323934356637386130306465353365633630613832666163
32336265356537346138366337313164663732343338353165623935663765666662613934303364
61626339643032366263346363323166653232356433383432303639303937626133383064373731
31623762633766363335666235633833663166633564633838303632653236613663333733613830
62646264323865396433333662343336613430393662633630313630373865373037396237633432
62633932633031313864383363643737383230373235343431613965356165613261633939623539
66646462613763616239393262336337656238343538373261303530393461613830306138663561
38323833313836313536313733373434646666383137616434626335656365643839656535306238
64363839366538643366333338623037363866626533356261613964386235663631663839643165
31353661633034353739313362646637656633613361646161373761613464393462663465363536
38643066343964653336616362396230383133356336363261653463326635323836313039386136
35616433383564333561303631616161383764383137376535656531666162313235306430383565
31306361383834653732313030346634323663613865343732376431346261306331653763643237
39336131613865616632343231643936313164383536333936653161306633623333323733663862
33356632393365346434663135383763653232373633336437333065653065643437376463343938
33306435393335343931343665326265623235373634346463656636343530393331616430666432
37623432303732316337386566346234633839623962346139653433633765653334383735376339
30613764666238373266633565646131386262626634393134323366333531376263363830383163
61326232386135616334623434646639623830353962643338613735353930376464333864356538
65333338346637653830316236353861383339376665313437323961326365616333643864356434
34306131373733633665396631653437386362663638333836363763663561663335303765666534
34343062333439373634626538343735656664646366373861656265323730363633386435346661
63393739313930343135653736326436666539343466316262393732666465363962336332396663
35393865663631323837373035373566646135376264343766626461386265656439373531306262
31346334323937373238303635303232363635646361653636373266333335646566373166656130
64313032336634323766336630633237306434396466363862626334626466623839326334356164
34323466613436336439336239313161366462336434626265666131643237356138623338336461
34346239393563386262366136383961633063303562623737646136323935346665313162656138
62333763636637363731616532666335636236653463616437343936306135643762356364666435
37383034323935643435336162633932353138633339313365386134646163376237313439663639
62346539303666653337616662343431306634623232636265303961383466623230616230396235
633836306130306466383262666461363636
