$ANSIBLE_VAULT;1.1;AES256
65323765343832316639383437626136326237396462383837623830623733346163333364376634
3230363233633661643838646561653937663131646264380a376432373633383161333766333064
34376330396137303332363832653461383339663862363339613235646233633866353762623034
6437633036666231630a313533663266393062643731613338626538653535373336616262653064
66306334636139333938386330343432303438353638373139393130663333313736316266363961
32373763313364366230313661636236353331626638623937366537663864376334323739653933
39303335616434613436313263336330623331306639313862363437623761326138376163663432
38353665356364613665616330353663376266366433353232633733373164336366613436633232
38306131373633613533646537323533633765393337623366323762356638316539663131316362
39613639326364333230386462636365303734313363393738303939616135326337643633623065
64626335396634326436396464356632316634303630383133633833333034383566666137646466
39393439306162363964393266613337393638653666396366303533666636316665323566313865
65646137616334333465353933333132376134383539323439373961383830633038323232343564
32386635343432636365353036623261396163633663343138353764613839613733653462643765
35353137623631336161636163616630633932336637343738366166343564303562383234663161
33353764616437303537633134393331616431333433353366333261303539306534656137313032
36613137326336626563633466643365636362653737656537323232396133396437343531666632
33363066343131636238303662653436393863353465626436323632366261323139346139326538
35636661383031353963313833626365313935393366376532613061316132346135346266623466
64623039623935353530633865613962323566653932356437633662303164383765343030313334
34623765303239373563306637643031623661303265376238353634653965636631373732346236
35616237303563333830363631373836646464303132316263646264373338356563663861616630
61656138363063353466346236353565643936393237643063616333653064616431376364656564
39646634636133386562613931333063346162363831343663373762323937396432393466323037
64326462653666383537386564343732633466666235626434393030626230393463653262643533
31636234363338633436333061623631356535353339663662666237613165623863393864373437
64303266343137393435346538383039623235363738636262653038383936383032343132666635
62333063333435393337326338393534646334346536326539373562306135633464396530393739
31396639386262366233636633383237393464316336336536623066346537373936623630666362
34333336353536353063383461656563386434393832326239636638383432363764316538363534
35396162663934656663373263396634396265656132373033353639326439663439656235626238
30623338343464383061383630336334333565363361663234353465356439626635663636326330
37656532386462646538326132343639396533306339656635333039623365363663323631303333
30343637386664333239663134336238393663333566386135666466386466376362613134616531
37313933373535323930663737396138306336623939383732363235393263623135656461363366
62303066353634356130343165353533616631306365333237303466313635653330363361633062
36373133393738363732616136626165636136666662636134626264633736643866346530346535
32666664303362626334663534393739393837323339346662303064643062643164383163336336
66373530616335306537376466643432613434353130383031643561363438313633663830373634
31333865323866343530626462363438636261346465306339386536323465353234656139363263
63333764303962653166313066366138306237313266396337363663313663353230353532343265
37363133383466663935323261383161373832623338373861326435333566626361303432656433
30343038636162633838393138653530306639313331316633326131396330396164636132623838
66303565633935373231633731373665613765653831343866613630383236363238393937333862
32346635396139383935346239626463623863376265353636656135376435656133316537616135
31363339346435326161353036333832373839633831356133613063623531333738356362353934
65643462333734383437303239373234386531303833303939623834643661393861346634616632
38616565316364393365656562626664646163336236386563613236373935366430353562656538
62646663393336333265653566363536653034633166333037633063373665643330623631343065
61383030383164333434343131356536643233356634653331396630313764616662663466386236
32323566323836613965643364333830656637613336393462633566363163316164303136383761
65313966313832323064323034363966666664633039376261393734356435336365343435323532
31383439316463313034373035373236666537363465303738336363653233393961393638323932
63613330393631633837363839653239323666636233333236333033343166346531616339666165
37363536373938313232626462313964383835306463353763643131613635363162653965663338
39643534623934326465353666376133343165306234656461373535353364646337616362306365
66633134386466366565363832386261633533363134366233353130643235323764373462626233
62653265356337386163303530303266303865646638356361383336383461323333653835376163
65643064366138653065333166383538313364663733343535303565383866356637393136666537
34663636343066616362623961393637303364616437323563663739376630313235616335373361
32643339323836633565336362363635623633663139323033323633393866373765303630343062
38623264633837623634326139366337646132646265373966336436313433626335313337616330
64376130653932633664636461383261663539333936636463306632623430653133323931323632
66666564636461663934646234313461666266646166333366333266323939303165363430333538
34663533336533333766343532316462646666633435626236656365656134386132633662393334
65363434363831623438656164326565333265656464623161326633653164303166303334316437
33636163303661663734333933366430633036343430653962396439396632353335336633333737
35623838303065393135376465343031666138363533306135353936376461353038323162666337
38386462613835376532373262353730336164346631616539333565616639363032353730316231
30343164326336363465376364316238643137373933383636396330663662333066313536646232
39383037376338623937333961646337303764616132383165343366643130383633653933633264
38396339303036323230626435396163623865306530666665356236633061333366353639653563
63643333623462316661303533306432306333666230656436346363613761316366623633356538
30363534306461333861333366616135356262383564303263636464363363656533323838363731
62343438663037336237623031653030616235393965653235313535643439393030363434313035
39306461613137646634383730636365636564353161623235303964316138616630316634353363
64633635376339396333336362616466646136346138636363303363373933633737353934663761
66393464346239343063613036373234336530653833316361643533386333386464323730373133
30333436383337613538376631633231343763323735636666306136373066336635633861646438
64386335366437353537353632663935303965346332393335303366376630633632613763636262
39646366396332643261663330363739376634383232333432323763313933386664303861383835
63313730636531343061623034323666353131393038613238343936313465326461666137346430
38326164313162326564313661373836336166636165346233353161383062346662376638326336
34303061343063373665303562653166333664633835303865616139373934323061326665333938
63376162373033333431313337313032313036653361316333326562376237643764326630366338
32313866393365663865376166366339643032333338316165663162383364356333353537613735
66363538383130376437623766666533393131626135633731663866616130306635666236396362
31663838653032353330666361633234346239393331336662653638363364613937303437356336
66376339396139386535393530376162383637326531373136643836396633356333353537316230
37613062323436316433633962383161383364363132663961643330636138613765303963363134
34326236323365396235306436343863396366636537333530366431646335613566353561373231
61353766383863663238646166356332353463636565376461316365383038626562303531663961
62613238306637396634353137383735353233613261373031376466333563613739353931303837
30663036343431616436326534393163323763326233393963303937623835613736353435306165
36656563393561393839326266623766636335333965346663656365633332313831643465646133
31396330323636376261313661636563316137356236313864396439353839643164613439316333
63653032316338636439386563303535623839376231356665656534613062326232303237616639
38643634363539346137653838663435346232376334353831643964343063646434393362376436
33356466313266343135353861363732376335333234626261393864323031343963636338626631
36333030636332346662653735323139646534326234383131323432396130363134626234336631
31323138626535353334323463373462373765376233643232633139636661643565313431373461
66363562633531643763646464326464636635316264616339386339316261356431323064613632
30393837373665393433666664623765636631356432386139333636646630373135366231653139
35653762306638333563633963383937643163303838323133343735376539623466396262366366
36623634616463346264653030366461326339646339306361646137373933346233356666383661
66373332386530666234336664313239353837366463343463383232613639393262383636353738
31333136613438336231313832663939663538356434313064313031343733356137386336663638
62633234323333393131633034663336383838313738373031363334623461663663666163623332
33653032373462376565353537633661393030333466656665663463313339633665323932326339
62333662326330393161653839393933383039663566636237643234396432613339636464363431
33383438666531386363613464373037383065396334663835313162623832613530326161356163
31633332613866613935316339343238303362386533333563373363376538393037646162623133
37613334333437313663343333343833626264326537343336656161653636383933373163393232
35323131373866656139636365313562383037363430653831616339646162346264623761333161
30626464336635613136626135643564373862336632356164653537666237376266386564306562
32636430396564383130653766316235623435303035623433386336383134613666336566613839
33646262653562626562663137626334326237393137633931653564303833393239616233633933
39373632623331373536356433396235383939303261373731356433383734613335356238346536
64653663666566656438613531393034346162343765653433386630613133313830303439346262
30373838666165383031653530666663626131313738636633623532636134306637643266333630
31353430356334636462623637326337346565636537653461333534303333656338323161653731
30343032326333336238326136633539383236666432656166306431633865303266346132303835
64353966303936633139373636376235626431646431363731346235656364356131613638623663
65333634663263343531343730653936666463393138626265366562326165643066626333353866
65663538316336643465363963316263666334356261633333353963373333353636363465363863
61323961356634613666646238663964656235613633333963333539646633643234383064656139
38303736616133623639613461626236333133383035666161643766656635633836326131613139
63636537396634613338643738383536633462663162303764306161346562323531653130623331
65306564353961383934613833323331396139396538346231383432363066386462633664383936
32376434333833376638366333356334303631636238346532363333356364323839656165636230
36336636653064636133666635356364306531653363373033366633666263623432333533363433
31326363333536366135633932373165323438383862393161333734323238666536313165313166
31646537666564353833363238333331656537366132393962306163366135633636326263623864
36363665316462303836383266656163643762646431393433626133353963626465346366323037
35373234393737633730376663386632613939383231613632303033613637343530343032653839
63633436663966376665343165373035343334633037333638363635643662653738393639343632
39306435306163616233376230343265333032613336386237666131373065346465393838393639
63373139376637353935383166643439333565643636376161333832356133343237386334653039
30356431376235343163386136393536346439623039316665316534366566306337393134356133
30623138383565653233316565663066656538326438383536343761343934333232366662363034
32333263343032336236393639313866643462373366376230306365636137646462353264356337
64316462393333376430376131633662313331396236313964383136326263353931346332653465
35623931343034303261373134623264313764633935643764353839316238666562646330313130
37343833643863356434333461363531333463313266623064316364313232373131373832623533
61346333613961626666386466366436366463303662386664663765383965633765306437316464
63326333653730656261313932393239373932353239306638303361363765666432626362623030
65303039383064323736373063383232336261306237386331363737366434383137383133326431
61396432363432376461333639646635633833386539306532393765623434666338643630333261
39333036303838393831633238386463383339386634653333346562356666343838316432386562
38663165386566363364353064633233353361633862633165663061613961303864386463323662
63646631353538333334363965623735653535386265396639653331633433653833303630356135
63366664633562333564306566343733346233653166616435653831303961396261363163636532
31343234656236303765613839643331616234323738623038636634643363343639316632303266
63336136383831313938643836666263313837646134396562393365326234643339633637353836
34373835643537393632306165613830363262663432623964383537633237396335623830353062
66336137396461633039306463396163383362633238653062616239636361666465343564636238
65303164646537356237396463303836356339636162316361623634633437616637323030373766
35363961613431633637363663396566656531373639373434633639333936363935626534336330
35636535643736636365656562306635356664623136653434396133333034623964653737383239
39636632613137333839363235616463353434616565633361393034663761633132313637396562
39386230373937316363306538396566343463623930353438353132323338653236386332663764
64356131653463326264636361316439366232666434643564363764666339346433316332313466
36353662396137326162343361313763613732333633306663386234313137666562626338663136
39386365656433633735353632656463646436663266643863626237633230643339333161376463
35366630633938663564633361343462316164343238333166663366326238393138393833663634
32393361393733383366353538663335333461613435333637353832653561373662333939333866
38626535636230666638633939343630343865376539336362316532393065643037363230366131
66346564666466623634393966653961653237306639633832303564633263326163346330633836
66643465313861316334363962393964316263353762366630313338326461646539393063626637
34343633646432366564333065326335373537376536343534323933323331656337613835393866
66623562346137343831636162643264343363636562633732356365393534333739343437373735
30613437346334346637616135643336343534333930663863326337376639646466646364376330
30393462383739626661373662326335376431313633626430366536373561626531643631396465
33643033623231343730633535373933383161653866336230323338316533386462306265353536
37663963303262653061623736623665333063326365636530383661626264306536343832633339
33626135663036383130303830393439646432336332313565613762343766396264643963613165
34613838626630353434356230343636363139396438623163343663306663383361353163373734
37346238383531396362646565343164363338623663643665643731626533366337303565346434
32653832326461356538343938633661323761663765656233383434306638303039633965616666
62663463366237356238643766636131346566356464363630613334343763373833656238356531
30346264623632353436393166326263646362393563663730663238666138663331623737326136
64323937356632346433313732323531386634343339666566333863386332363335373932383764
37613431303430326136393030376661643237343737323938383835306231393336353464663564
39313330646138626331323461636332356531303831656339366233616563373532613365363830
37623430303835613763303637393131336633326262376133613933303664626135393166353764
65326163623131323631646635313234336365633966373564656333343032313464326538363431
31386562303664303932623561396265643830316561616664303739343732326238303661663939
61373165303464336638323065356366306331666637616330326666346237346361666135383836
62396234336331633264356465303866326232343039316132643134333639326461353934646263
61663631333533616465376462336136373430303165396363643235323936393861363261643135
30373031323932333065313566333466323432613732366561306536363164373863343333656137
32333133336465356336663039613766333630343865646236643461313934643661393936316238
65396635656530646631303636636436343066343663316634386133663139333437383432373137
63373936373231323439663064366433383739336263386633333036653330333937323335376661
39333330653363383061636466386636633162343130353663346262636262323236316563663932
30666261623765643336313236376137383765326634373435333763623465336461653737303935
3835
